0 14 13 12 6 8 11 4 3 5 9 2 10 7 1 
4 1 14 0 13 7 9 5 6 10 3 11 8 2 12 
7 5 2 14 1 0 8 6 11 4 12 9 3 13 10 
12 8 6 3 14 2 1 7 5 13 10 4 0 11 9 
6 13 9 7 4 14 3 8 0 11 5 1 12 10 2 
1 7 0 10 8 5 14 9 12 6 2 13 11 3 4 
13 2 8 1 11 9 6 10 7 3 0 12 4 5 14 
10 11 12 13 0 1 2 14 9 8 7 6 5 4 3 
14 12 11 5 7 10 0 3 13 2 4 8 1 9 6 
11 10 4 6 9 13 5 2 14 12 1 3 7 0 8 
9 3 5 8 12 4 7 1 10 14 11 0 2 6 13 
2 4 7 11 3 6 12 0 8 9 14 10 13 1 5 
3 6 10 2 5 11 4 13 1 7 8 14 9 12 0 
5 9 1 4 10 3 13 12 2 0 6 7 14 8 11 
8 0 3 9 2 12 10 11 4 1 13 5 6 14 7
