1 10 3 4 5 6 7 8 0 15 14 13 12 11 2 9
12 3 2 1 8 7 6 5 13 14 15 0 9 10 11 4
7 8 5 14 3 4 1 2 10 9 12 11 6 13 0 15
6 5 0 7 2 1 4 3 11 12 9 10 15 8 13 14
2 1 4 3 6 13 8 7 15 0 5 14 11 12 9 10
3 4 1 2 15 8 5 6 14 13 0 7 10 9 12 11
8 7 6 5 4 3 2 9 1 10 11 12 13 14 15 0
5 6 7 8 1 2 11 4 12 3 10 9 0 15 14 13
0 15 14 13 12 11 10 1 9 2 3 4 5 6 7 8
13 14 15 0 9 10 3 12 4 11 2 1 8 7 6 5
10 9 12 11 14 5 0 15 7 8 13 6 3 4 1 2
11 12 9 10 7 0 13 14 6 5 8 15 2 1 4 3
15 0 13 6 11 12 9 10 2 1 4 3 14 5 8 7
14 13 8 15 10 9 12 11 3 4 1 2 7 0 5 6
9 2 11 12 13 14 15 0 8 7 6 5 4 3 10 1
4 11 10 9 0 15 14 13 5 6 7 8 1 2 3 12
