0 15 14 13 12 11 8 7 5 3 4 2 6 9 10 1 
5 1 15 14 13 12 9 8 6 4 3 7 10 11 2 0 
4 6 2 15 14 13 10 9 7 5 8 11 0 3 1 12 
9 5 7 3 15 14 11 10 8 6 0 1 4 2 12 13 
1 10 6 8 4 15 0 11 9 7 2 5 3 12 13 14 
3 2 11 7 9 5 1 0 10 8 6 4 12 13 14 15 
11 0 1 2 3 4 13 12 15 14 10 9 8 7 6 5 
10 11 0 1 2 3 14 15 12 13 9 8 7 6 5 4 
8 9 10 11 0 1 12 13 14 15 7 6 5 4 3 2 
2 3 4 5 6 7 15 14 13 12 1 0 11 10 9 8 
15 14 13 12 10 0 7 6 4 2 11 3 1 5 8 9 
14 13 12 9 11 8 6 5 3 1 15 10 2 0 4 7 
13 12 8 10 7 6 5 4 2 0 14 15 9 1 11 3 
12 7 9 6 5 2 4 3 1 11 13 14 15 8 0 10 
6 8 5 4 1 9 3 2 0 10 12 13 14 15 7 11 
7 4 3 0 8 10 2 1 11 9 5 12 13 14 15 6 
