0 16 15 14 12 9 11 6 5 2 4 7 3 13 8 10 1 
3 1 16 0 15 13 10 12 6 5 8 4 14 9 11 2 7 
6 4 2 16 1 0 14 11 7 9 5 15 10 12 3 8 13 
10 7 5 3 16 2 1 15 8 6 0 11 13 4 9 14 12 
7 11 8 6 4 16 3 2 9 1 12 14 5 10 15 13 0 
2 8 12 9 7 5 16 4 10 13 15 6 11 0 14 1 3 
14 3 9 13 10 8 6 16 11 0 7 12 1 15 2 4 5 
1 15 4 10 14 11 9 7 12 8 13 2 0 3 5 6 16 
12 13 14 15 0 1 2 3 16 11 10 9 8 7 6 5 4 
16 14 13 11 8 10 5 0 4 15 1 3 6 2 12 7 9 
13 12 10 7 9 4 15 8 3 16 14 0 2 5 1 11 6 
11 9 6 8 3 14 7 5 2 12 16 13 15 1 4 0 10 
8 5 7 2 13 6 4 9 1 10 11 16 12 14 0 3 15 
4 6 1 12 5 3 8 14 0 7 9 10 16 11 13 15 2 
5 0 11 4 2 7 13 1 15 3 6 8 9 16 10 12 14 
15 10 3 1 6 12 0 13 14 4 2 5 7 8 16 9 11 
9 2 0 5 11 15 12 10 13 14 3 1 4 6 7 16 8 
