0 4 14 15 16 17 1 13 3 12 2 6 11 9 7 5 10 8
7 1 5 14 15 16 17 0 4 13 3 12 10 8 6 11 9 2
13 8 2 6 14 15 16 1 5 0 4 11 9 7 12 10 3 17
12 0 9 3 7 14 15 2 6 1 5 10 8 13 11 4 17 16
11 13 1 10 4 8 14 3 7 2 6 9 0 12 5 17 16 15
10 12 0 2 11 5 9 4 8 3 7 1 13 6 17 16 15 14
2 11 13 1 3 12 6 5 9 4 8 0 7 17 16 15 14 10
8 9 10 11 12 13 0 14 15 16 17 7 6 5 4 3 2 1
5 6 7 8 9 10 11 17 16 15 14 4 3 2 1 0 13 12
4 5 6 7 8 9 10 15 14 17 16 3 2 1 0 13 12 11
6 7 8 9 10 11 12 16 17 14 15 5 4 3 2 1 0 13
3 14 15 16 17 0 7 12 2 11 1 13 5 10 8 6 4 9
14 15 16 17 13 6 8 11 1 10 0 2 12 4 9 7 5 3
15 16 17 12 5 7 2 10 0 9 13 14 1 11 3 8 6 4
16 17 11 4 6 1 3 9 13 8 12 15 14 0 10 2 7 5
17 10 3 5 0 2 4 8 12 7 11 16 15 14 13 9 1 6
9 2 4 13 1 3 5 7 11 6 10 17 16 15 14 12 8 0
1 3 12 0 2 4 13 6 10 5 9 8 17 16 15 14 11 7
