1 18 3 4 5 6 7 8 9 11 0 17 16 15 14 13 12 2 10
2 3 18 5 6 4 8 9 7 10 16 0 17 13 15 14 1 12 11
3 1 2 18 4 5 9 7 8 15 17 16 0 14 13 6 11 10 12
4 5 6 7 18 9 1 2 3 17 12 11 10 0 8 16 15 14 13
5 6 4 8 9 18 2 3 1 16 10 12 11 7 0 17 13 15 14
6 4 5 9 7 8 18 1 2 12 11 10 3 17 16 0 14 13 15
7 8 9 1 2 3 4 18 6 14 15 5 13 12 11 10 0 17 16
8 9 7 2 3 1 5 6 18 13 4 15 14 10 12 11 16 0 17
18 7 8 3 1 2 6 4 5 0 14 13 15 11 10 12 17 16 9
0 11 10 15 17 16 12 14 13 18 8 3 4 2 6 7 5 9 1
17 15 16 11 0 10 14 12 4 3 13 18 5 1 9 2 7 6 8
16 17 15 10 11 0 13 5 12 4 3 14 18 9 2 1 6 8 7
15 16 17 0 10 11 3 13 14 2 5 4 12 18 1 9 8 7 6
14 12 13 17 15 7 11 0 10 6 1 9 2 16 18 8 4 3 5
13 14 12 16 8 15 10 11 0 7 9 2 1 6 17 18 3 5 4
12 13 14 6 16 17 0 10 11 5 2 1 9 8 7 15 18 4 3
11 0 1 14 12 13 17 15 16 9 7 6 8 4 3 5 10 18 2
10 2 0 13 14 12 16 17 15 1 6 8 7 3 5 4 9 11 18
9 10 11 12 13 14 15 16 17 8 18 7 6 5 4 3 2 1 0
