1 2 3 4 5 6 7 8 9 10 16 17 18 19 20 11 12 13 14 15
3 4 5 1 2 8 9 10 6 7 18 19 20 16 17 13 14 15 11 12
5 1 2 3 4 10 6 7 8 9 20 16 17 18 19 15 11 12 13 14
2 3 4 5 1 7 8 9 10 6 17 18 19 20 16 12 13 14 15 11
4 5 1 2 3 9 10 6 7 8 19 20 16 17 18 14 15 11 12 13
11 12 13 14 15 16 17 18 19 20 6 7 8 9 10 1 2 3 4 5
13 14 15 11 12 18 19 20 16 17 8 9 10 6 7 3 4 5 1 2
15 11 12 13 14 20 16 17 18 19 10 6 7 8 9 5 1 2 3 4
12 13 14 15 11 17 18 19 20 16 7 8 9 10 6 2 3 4 5 1
14 15 11 12 13 19 20 16 17 18 9 10 6 7 8 4 5 1 2 3
6 7 8 9 10 1 2 3 4 5 11 12 13 14 15 16 17 18 19 20
8 9 10 6 7 3 4 5 1 2 13 14 15 11 12 18 19 20 16 17
10 6 7 8 9 5 1 2 3 4 15 11 12 13 14 20 16 17 18 19
7 8 9 10 6 2 3 4 5 1 12 13 14 15 11 17 18 19 20 16
9 10 6 7 8 4 5 1 2 3 14 15 11 12 13 19 20 16 17 18
16 17 18 19 20 11 12 13 14 15 1 2 3 4 5 6 7 8 9 10
18 19 20 16 17 13 14 15 11 12 3 4 5 1 2 8 9 10 6 7
20 16 17 18 19 15 11 12 13 14 5 1 2 3 4 10 6 7 8 9
17 18 19 20 16 12 13 14 15 11 2 3 4 5 1 7 8 9 10 6
19 20 16 17 18 14 15 11 12 13 4 5 1 2 3 9 10 6 7 8
