1 15 3 4 5 6 7 8 9 10 11 12 13 0 25 24 23 22 21 20 19 18 17 16 2 14 
2 3 17 5 6 7 8 9 10 11 12 13 1 14 0 25 24 23 22 21 20 19 18 4 16 15 
3 4 5 19 7 8 9 10 11 12 13 1 2 15 14 0 25 24 23 22 21 20 6 18 17 16 
4 5 6 7 21 9 10 11 12 13 1 2 3 16 15 14 0 25 24 23 22 8 20 19 18 17 
5 6 7 8 9 23 11 12 13 1 2 3 4 17 16 15 14 0 25 24 10 22 21 20 19 18 
6 7 8 9 10 11 25 13 1 2 3 4 5 18 17 16 15 14 0 12 24 23 22 21 20 19 
7 8 9 10 11 12 13 14 2 3 4 5 6 19 18 17 16 15 1 0 25 24 23 22 21 20 
8 9 10 11 12 13 1 2 16 4 5 6 7 20 19 18 17 3 15 14 0 25 24 23 22 21 
9 10 11 12 13 1 2 3 4 18 6 7 8 21 20 19 5 17 16 15 14 0 25 24 23 22 
10 11 12 13 1 2 3 4 5 6 20 8 9 22 21 7 19 18 17 16 15 14 0 25 24 23 
11 12 13 1 2 3 4 5 6 7 8 22 10 23 9 21 20 19 18 17 16 15 14 0 25 24 
12 13 1 2 3 4 5 6 7 8 9 10 24 11 23 22 21 20 19 18 17 16 15 14 0 25 
0 1 2 3 4 5 6 7 8 9 10 11 12 25 24 23 22 21 20 19 18 17 16 15 14 13 
25 0 14 15 16 17 18 19 20 21 22 23 11 24 10 9 8 7 6 5 4 3 2 1 13 12 
24 25 0 14 15 16 17 18 19 20 21 9 23 10 22 8 7 6 5 4 3 2 1 13 12 11 
23 24 25 0 14 15 16 17 18 19 7 21 22 9 8 20 6 5 4 3 2 1 13 12 11 10 
22 23 24 25 0 14 15 16 17 5 19 20 21 8 7 6 18 4 3 2 1 13 12 11 10 9 
21 22 23 24 25 0 14 15 3 17 18 19 20 7 6 5 4 16 2 1 13 12 11 10 9 8 
20 21 22 23 24 25 0 1 15 16 17 18 19 6 5 4 3 2 14 13 12 11 10 9 8 7 
19 20 21 22 23 24 12 0 14 15 16 17 18 5 4 3 2 1 13 25 11 10 9 8 7 6 
18 19 20 21 22 10 24 25 0 14 15 16 17 4 3 2 1 13 12 11 23 9 8 7 6 5 
17 18 19 20 8 22 23 24 25 0 14 15 16 3 2 1 13 12 11 10 9 21 7 6 5 4 
16 17 18 6 20 21 22 23 24 25 0 14 15 2 1 13 12 11 10 9 8 7 19 5 4 3 
15 16 4 18 19 20 21 22 23 24 25 0 14 1 13 12 11 10 9 8 7 6 5 17 3 2 
14 2 16 17 18 19 20 21 22 23 24 25 0 13 12 11 10 9 8 7 6 5 4 3 15 1 
13 14 15 16 17 18 19 20 21 22 23 24 25 12 11 10 9 8 7 6 5 4 3 2 1 0
